0.008900114527136002
0.0049122935932846955
0.015407979648838142
0.013795410114081098
0.0018416386412364776
0.002994539324942504
0.0018872279551481307
0.003760943806482677
0.008564672022534595
0.013673648369886061
0.0009574163041563583
0.019611115755681044
0.013862675469202628
0.016749570057894046
0.014770513237357162
0.01857859705400664
0.008190848178336244
0.020200157741345377
0.014932982063511667
0.012970761944897139
0.01676288457349074
0.015616426278691758
0.0037809837766708135
0.01490651879439065
0.01801086494055903
0.004168664976885255
0.011116814957757133
0.019638587621190255
0.007917656127038694
0.009163839105285475
0.007713334373183471
0.010652261502853488
0.004805253240587083
0.019884797819268968
0.01901864631885561
0.020340263719194618
0.00014795851130888763
0.003648395826391417
0.0009704292800982524
0.020028661016125774
0.0039448052539361915
0.0008998752784092962
0.01590065009701695
0.002950994529733129
0.006004717373586133
0.016848179849213277
0.010386996407894112
0.004362330909286664
0.012754452638817814
0.010889470133634503
0.008065600678796048
0.018240102170068842
0.007756594799560824
0.000311606452970573
0.010345349032303606
0.005407986631533558
0.006882750976475052
0.008915081912899834
0.007818209219099087
0.013035753651959933
0.012122243241685164
0.018229369729692347
0.0003241523329280379
0.01156605042018414
0.004730507360888165
0.0036227357850253804
0.004282071147288253
0.016735785739697095
0.005732252476546629
0.011802233405040989
0.015024058005118008
0.000765167071761041
0.0032657396766784877
0.0184699404353011
0.014044496797066023
0.002645066049182052
0.0029693135003146837
0.013156664376401374
0.002180754223996111
0.004452446928131187
0.015519739407228615
0.0016569676369377609
0.012633182126805264
0.014152091485993066
0.015089981931386337
0.0033579649627639026
0.0042623310794514
0.0060861053647541866
0.014925266023289984
0.0033259056365065247
0.019465639182372634
0.01385166303191241
0.0024992324793910027
0.01933225239092666
0.00798700305085103
0.00945693826879766
0.003325784621073917
0.017375411361053666
0.01892570583394681
0.014071928854649224
